5 138 8.980603
5 141 7.238039
5 142 7.252207
5 145 6.568911
32 129 6.556622
32 137 8.330845
34 131 9.892142
34 132 6.695920
34 137 10.944680
36 132 6.418521
36 134 10.689091
36 137 13.107679
47 132 9.785671
47 134 7.420541
47 137 9.351092
48 134 8.602042
48 137 9.035219
49 125 9.524697
49 128 7.467194
49 129 7.364464
49 133 11.626766
49 134 8.065177
49 137 5.906068
49 138 8.718240
50 125 11.693440
50 128 8.765821
50 134 6.878392
50 137 5.438638
50 138 4.795773
50 141 6.384938
51 134 5.873184
51 135 6.668457
51 137 7.684106
51 138 5.589929
53 135 10.649209
53 138 5.461728
53 139 10.422829
53 141 7.175033
53 142 8.877752
55 125 13.342520
55 141 9.661365
78 142 6.078627
78 145 7.101012
78 146 8.999179
79 146 9.603081
80 145 6.644426
80 146 4.698835
80 149 4.778902
80 150 7.041004
84 149 10.309078
85 145 5.308589
85 146 6.401168
85 149 5.358053
86 145 8.290048
86 149 6.777037
87 141 8.488970
87 145 5.477504
88 144 8.407941
88 145 6.893044
88 148 4.444127
88 149 6.865867
90 118 5.977741
90 121 4.415904
90 125 9.496076
90 148 6.156212
91 121 5.593336
91 125 7.300967
91 141 7.112319
91 144 5.944820
91 145 6.106547
91 148 7.114017
94 121 5.849725
94 122 6.680862
94 125 4.372266
94 126 8.742146
94 129 8.611514
95 125 8.195739
95 129 9.760603
95 141 9.872714
118 122 6.482984
119 123 6.378863
119 124 9.276976
119 126 10.296587
120 124 5.929462
120 144 6.903569
120 147 6.947994
120 148 7.769519
121 125 6.183631
121 126 9.441630
121 144 5.754463
121 148 6.508518
122 126 6.255027
123 127 7.023404
123 147 10.525591
124 128 6.157075
124 140 6.064647
124 144 5.287981
125 129 6.063392
125 130 9.248063
125 141 7.934305
125 144 6.943081
126 130 6.547775
127 131 6.242800
127 140 6.000476
128 133 10.068558
128 136 7.578302
128 137 4.992965
128 140 4.159734
128 141 6.165013
128 144 8.074034
129 137 7.896250
131 136 4.136659
131 137 5.246611
131 140 6.750352
132 137 9.003951
133 137 6.814181
134 138 6.467579
134 139 8.814658
135 139 6.604379
135 140 9.875561
136 140 6.427648
136 141 9.785732
137 141 6.498293
138 142 6.513069
139 143 6.379693
140 144 6.554377
141 145 6.412087
142 146 6.329518
143 147 6.320111
144 148 6.484494
144 149 9.277526
145 149 5.962484
146 150 5.910117
146 151 9.437005
147 151 6.363122
147 152 9.679493
148 152 6.399997