5 138 9.161125
5 141 7.600898
5 142 7.359240
5 145 7.047341
30 129 8.910767
30 137 9.540222
49 129 8.677850
49 132 9.976374
49 134 7.508492
49 137 7.425544
50 128 8.959056
50 129 10.790521
50 134 6.136559
50 137 5.823018
50 138 6.330110
50 141 7.851234
51 134 5.750985
51 135 6.793108
51 137 8.084935
51 138 5.832174
53 138 5.456873
53 142 9.098622
55 125 13.527056
55 141 9.727416
78 142 6.068852
78 145 7.479512
78 146 9.102357
79 146 10.722936
80 145 7.886710
80 146 5.818369
80 149 8.672155
80 150 10.780830
84 149 11.461400
85 145 5.179245
85 146 6.506130
85 149 7.145392
86 145 7.392849
86 149 6.814590
87 141 8.436215
87 145 5.266307
88 144 8.725578
88 145 7.081309
88 148 4.768163
88 149 7.617530
90 118 5.967593
90 121 4.399071
90 125 8.765619
90 148 7.250589
91 121 6.183481
91 125 7.748326
91 141 7.612757
91 144 6.863563
91 145 6.518060
91 148 7.576795
94 121 6.720975
94 122 7.934912
94 125 4.846397
94 126 9.688314
94 129 8.455695
95 125 8.875036
95 129 9.050258
95 141 11.741635
118 122 7.187875
119 123 5.833540
119 124 9.034882
119 126 10.288265
120 124 5.827104
120 144 7.213492
120 147 6.808557
120 148 7.465349
121 125 6.116546
121 126 9.593227
121 144 6.181489
121 148 6.244614
122 126 6.448732
123 127 7.162402
123 147 10.440744
124 128 6.260626
124 140 6.070057
124 144 5.590916
125 129 6.151258
125 130 9.243974
125 141 8.260489
125 144 7.170518
126 130 6.503705
127 131 6.133677
127 140 5.815857
128 133 10.233989
128 136 7.951582
128 137 4.705147
128 140 4.846805
128 141 6.273360
128 144 7.943095
129 137 7.983423
131 136 4.222241
131 137 4.842137
131 140 6.791162
132 137 8.610700
133 137 6.770168
134 138 6.206835
134 139 8.910514
135 139 6.706262
135 140 10.001477
136 140 6.569284
136 141 9.749668
137 141 6.388846
138 142 6.497119
139 143 6.506684
140 144 6.079654
141 145 6.681614
142 146 6.490916
143 147 6.050222
144 148 6.571717
144 149 9.795211
145 149 6.470837
146 150 6.390421
146 151 10.091050
147 151 6.983870
147 152 9.901873
148 152 6.559993