112 128 4.948317
112 129 4.668764
113 127 9.565579
113 128 6.903890
113 129 4.637204
113 160 5.772332
114 127 7.500592
114 128 6.158227
114 129 8.069818
114 159 10.117568
114 160 7.332019
114 161 4.441682
115 125 9.592950
115 126 7.271383
115 127 5.095490
115 128 7.247043
115 129 6.507299
115 140 5.388264
115 142 9.539245
115 158 4.764432
115 159 6.401501
115 160 5.428040
115 161 6.029003
116 124 5.747767
116 125 7.430956
116 126 6.198583
116 140 9.265688
116 157 9.922309
116 158 5.924789
116 159 6.062889
116 161 5.610475
117 122 4.871983
117 123 5.151763
117 124 5.872912
117 125 5.713052
117 127 6.760020
117 140 7.619765
117 142 7.887073
117 151 9.065091
117 153 6.163660
117 157 5.907923
117 158 4.449631
118 123 5.843580
118 156 8.993505
118 157 6.817011
118 158 6.654771
119 123 6.027930
119 156 8.188489
119 157 4.707385
121 125 8.929619
122 142 6.020571
122 144 10.049020
122 149 9.022472
122 151 7.061614
125 142 4.833936
125 143 8.238549
125 144 8.335134
126 141 9.103276
126 142 6.902561
126 143 6.806783
126 161 7.631863
127 140 3.263288
127 141 5.396782
127 142 4.595862
127 151 7.515547
128 139 9.462634
128 140 6.458264
128 141 4.762894
128 143 8.057355
129 138 6.527899
129 139 7.228596
129 140 6.204845
129 155 10.426908
129 158 9.782678
129 160 8.201279
130 139 4.544513
130 140 6.646551
130 141 5.013288
130 150 6.308301
131 138 8.371394
131 139 5.295635
132 137 6.904619
132 138 3.619218
132 139 5.925229
132 155 7.756706
133 137 5.393217
133 138 7.246972
133 139 6.655481
133 152 7.565763
134 155 8.336509
135 155 6.453609
136 153 11.103100
136 154 6.879681
136 155 6.532949
136 156 8.530808
137 153 7.794523
137 154 5.672403
137 155 7.208303
138 151 10.225782
138 152 7.125216
138 153 6.154344
138 154 6.989459
138 155 5.456738
138 158 7.541977
139 150 6.874535
139 151 7.561225
139 152 4.876742
139 153 7.569034
140 149 9.972620
140 150 7.992734
140 151 6.493078
140 152 7.590764
140 153 5.100846
140 158 6.254149
141 148 6.222751
141 149 7.189963
141 150 5.180431
141 151 7.648357
142 147 10.286394
142 148 7.665644
142 149 5.232539
142 151 6.159915
143 148 5.260673
143 149 7.673567
144 148 6.692229
144 149 5.633087
152 157 9.799892
153 157 4.733255
153 158 4.998662
154 158 7.387338
